GET:

PathFileType	4	(X/Y/Z)	C:\Users\T490\OneDrive\Desktop\110_Internship_Tasks\Sprint GSG Position Analysis\results\sports2d_output\sprint_video_Sports2D\sprint_video_Sports2D_m_person00.trc
DataRate	CameraRate	NumFrames	NumMarkers	Units	OrigDataRate	OrigDataStartFrame	OrigNumFrames
25.0	25.0	523	22	m	25.0	0	523
Frame#	Time	Hip			RHip			RKnee			RAnkle			RBigToe			RSmallToe			RHeel			LHip			LKnee			LAnkle			LBigToe			LSmallToe			LHeel			Neck			Head			Nose			RShoulder			RElbow			RWrist			LShoulder			LElbow			LWrist			
		X1	Y1	Z1	X2	Y2	Z2	X3	Y3	Z3	X4	Y4	Z4	X5	Y5	Z5	X6	Y6	Z6	X7	Y7	Z7	X8	Y8	Z8	X9	Y9	Z9	X10	Y10	Z10	X11	Y11	Z11	X12	Y12	Z12	X13	Y13	Z13	X14	Y14	Z14	X15	Y15	Z15	X16	Y16	Z16	X17	Y17	Z17	X18	Y18	Z18	X19	Y19	Z19	X20	Y20	Z20	X21	Y21	Z21	X22	Y22	Z22

452	18.112401433691755	3.731407552106217	0.378570474899207	0.0301	3.704673595585949	0.3728685977334696	0.0301	3.4787553814474155	0.13785937444919172	0.129	3.8407637257234017	0.15923443163726617	0.023	3.907002692698258	0.09469591869922996	0.2179	3.9214739702047887	0.1078042402570702	0.1804	3.91976636744466	0.20329231433021305	-0.0119	3.7583769482300906	0.3747502669011297	0.0301	3.7429341914983336	-0.020211200236522855	0.129	4.12020086847823	0.1399406729605263	0.023	4.178382453837599	0.01167649029162452	0.2179	4.189130309993399	0.033957119054924705	0.1804	4.151258359993159	0.18462310212885907	-0.0119	3.2528405763405726	0.5368164725034963	0.0008	3.0426742985318334	0.3687786590950205	0.0655	3.195589508061627	0.39037422791556536	0.1076	3.30351300512151	0.603188545984976	-0.01275	3.3597306757671115	0.30717399457763167	0.0702	3.391815867240602	0.058455613291377426	0.1076	3.2987720824630946	0.5513749166570063	-0.01275	3.3477705268017837	0.29847860412836985	0.0702	3.3887166930913897	0.07015187806063321	0.1076


SET:

479	19.194336917562723	3.7019809264601338	0.7587637295521795	0.0301	3.6537020779514178	0.7219592913342311	0.0301	3.5973656432318006	0.39615199067391144	0.129	3.911833331955169	0.18921382025775849	0.023	3.890314701074037	0.024989161677033904	0.2179	3.8822669800072758	0.05147320406652738	0.1804	3.9689242462506793	0.1583029691718715	-0.0119	3.7320117132652197	0.7806376291627769	0.0301	3.830420315351728	0.3843331648648087	0.129	4.19216736734878	0.1780799652428561	0.023	4.155713004774894	-0.0006749542805831737	0.2179	4.195391533805948	0.015542913978019369	0.1804	4.253570965033916	0.17278622370886115	-0.0119	3.240952558028323	0.5480437751218576	0.0008	3.019308645254743	0.3970024064705528	0.0655	3.183135611504252	0.3923946731421986	0.1076	3.2536109979183108	0.5870528069424991	-0.01275	3.3510714192096684	0.29286969543633157	0.0702	3.385993417984806	0.047424221860507626	0.1076	3.2770232547233507	0.5649514986266051	-0.01275	3.351421667849203	0.31484724226738964	0.0702	3.4017298696311022	0.08025948850784462	0.1076


GO:

489	19.59505376344086	3.737521663556197	0.7147314847513326	0.0301	3.6839287979533135	0.6813315435592148	0.0301	3.5990429116841436	0.3611768200588727	0.129	3.9136138391967985	0.17965563386946146	0.023	3.8872453180555353	0.021174264285835912	0.2179	3.882221930814186	0.04767431940328025	0.1804	3.971179200336233	0.16129282182566804	-0.0119	3.776209596397147	0.7304740652046846	0.0301	3.8031166038243183	0.3243673436691004	0.129	4.190810056574005	0.1712983658186466	0.023	4.15774538472195	-0.008182106523514863	0.2179	4.193038125105948	0.00996816340245392	0.1804	4.251836580258313	0.17278749306598604	-0.0119	3.261800633765846	0.5502786375953015	0.0008	3.038417495381207	0.412856572409259	0.0655	3.198312653540913	0.40816530444310595	0.1076	3.2809645259262323	0.6040193074882757	-0.01275	3.376677014245476	0.3050785317286162	0.0702	3.3950806324001923	0.05589892529169385	0.1076	3.3090240726884588	0.5603179625000678	-0.01275	3.375038761759656	0.3004433304998086	0.0702	3.405170227670552	0.06740901046431146	0.1076
490	19.635125448028674	3.7426832542711734	0.7133237184346353	0.0301	3.6885101296842437	0.6828908335708166	0.0301	3.60195843915255	0.36177112318144167	0.129	3.9159923156031247	0.17992975291410476	0.023	3.890673565382112	0.01989882843323154	0.2179	3.886362026117369	0.04707097655311531	0.1804	3.9729164224845417	0.16140873970157918	-0.0119	3.7795393053237194	0.7296716079752918	0.0301	3.803574314866369	0.32409751875374226	0.129	4.196182030660521	0.17277906983473085	0.023	4.1549375756364695	-0.008812278048287703	0.2179	4.1927314817724195	0.008057273823118043	0.1804	4.2578561179774255	0.17392483685805157	-0.0119	3.270107996334925	0.5505367642746759	0.0008	3.0346237061129346	0.41368273565894786	0.0655	3.1946532805818775	0.4081690408964862	0.1076	3.2841230338097067	0.6040054054645696	-0.01275	3.3757173865134336	0.30495088791553754	0.0702	3.395068405375376	0.06054183876313015	0.1076	3.3140271625165685	0.5600989303732699	-0.01275	3.3789532192722485	0.3020112399893532	0.0702	3.407611980571113	0.06812393008160951	0.1076
491	19.67519713261649	3.748426961464293	0.7143420090259531	0.0301	3.6935790662230423	0.6843236899596676	0.0301	3.600703878535374	0.36119898979732373	0.129	3.9161784766679304	0.17846040995425907	0.023	3.890422525627806	0.01879008841035495	0.2179	3.8854328951362302	0.04602335199273335	0.1804	3.9738482336987837	0.15969514861110146	-0.0119	3.7851812423295352	0.7287809237795004	0.0301	3.804476047838198	0.3197411516796596	0.129	4.196466578512685	0.17368303126776205	0.023	4.153297068866391	-0.008926268325103626	0.2179	4.1923929650552765	0.009038025177374598	0.1804	4.258813325335806	0.17768384224733766	-0.0119	3.273303353051105	0.5492156215775776	0.0008	3.034896914251969	0.41547668463335763	0.0655	3.2010184873784153	0.4056306800466247	0.1076	3.2903036363951723	0.6019939543521302	-0.01275	3.379993662342655	0.30434794376665436	0.0702	3.3988022107485363	0.0609679567387166	0.1076	3.3188767213800796	0.5611978124923066	-0.01275	3.379791541622381	0.3033459779573319	0.0702	3.408706035536869	0.06389607848749755	0.1076


strides:
stride 1: 
495	19.835483870967742	3.7385268184090243	0.6996780317228235	0.0301	3.686160544892114	0.679376512373426	0.0301	3.5912999436887643	0.33456656093252224	0.129	3.9207840560629568	0.17362391178316966	0.023	3.9038746621182874	0.02156882768509307	0.2179	3.8870553058773294	0.05165984521584329	0.1804	3.979246227138888	0.15169363152868534	-0.0119	3.774399191920239	0.7144559352604327	0.0301	3.8199864568474884	0.3083254549037717	0.129	4.219286378300061	0.16621353548872564	0.023	4.170779922998192	-0.018757939340820443	0.2179	4.216671330903756	-0.0009971454128399192	0.1804	4.278816726445972	0.1682117917070537	-0.0119	3.2677374471125256	0.6071058218972328	0.0008	3.0262144629051466	0.5224436404979019	0.0655	3.1817858555045104	0.4883460568734066	0.1076	3.293848786933932	0.6601814375807348	-0.01275	3.3996804130900253	0.3543443524563918	0.0702	3.4264479166928594	0.12004377358139463	0.1076	3.3089112774625273	0.5983047333526492	-0.01275	3.3914181087125326	0.3250364451013059	0.0702	3.421845124692041	0.09231645667099107	0.1076
505	20.23620071684588	2.851041163999147	0.6977460868290382	0.0301	2.8644918771800096	0.6983507056188601	0.0301	2.823805985235392	0.31795965492714057	0.129	3.1565971472719525	0.19285633654038917	0.023	3.217322084076304	0.03494694575860843	0.2179	3.2243975190698357	0.0632719591594776	0.1804	3.234318660126944	0.15590965238527751	-0.0119	2.8254955948833165	0.6898874471362003	0.0301	2.664497819076874	0.3395461171342611	0.129	2.9352341175093417	0.08274076772952024	0.023	2.83914067462872	-0.03821471344590744	0.2179	2.863985829105409	-0.03568372370737414	0.1804	2.9944875190017806	0.05577677519455008	-0.0119	2.449758734287945	0.9902940193507468	0.0008	2.2166669871819455	1.0755865290227888	0.0655	2.322480304220824	0.9725625220728086	0.1076	2.524115539640794	1.0050401845457382	-0.01275	2.576782410907994	0.7635431500101636	0.0702	2.457375403679377	0.7506101668317299	0.1076	2.489686128075862	0.9806757325268702	-0.01275	2.7062468279280214	0.8062701928807743	0.0702	2.723021474208704	0.5356027286775301	0.1076

stride 2:
510	20.436559139784947	2.0806824043532166	0.672217990579288	0.0301	2.0428902854360254	0.674166626712688	0.0301	1.8376794556167797	0.48089776386881083	0.129	1.9543488247787812	0.14978650125031828	0.023	1.8525270819748982	0.08255646900265416	0.2179	1.8634577624247244	0.028350860427495832	0.1804	2.001001312165552	0.09667814657673382	-0.0119	2.095273202076539	0.689846264059084	0.0301	2.3433044928214604	0.33294279007558947	0.129	2.6887624010826623	0.1632364061234939	0.023	2.7843471791147754	0.032019139939671405	0.2179	2.7887958463065234	0.05781892975403618	0.1804	2.7504471938563038	0.17437668228694497	-0.0119	1.7500834819571853	1.0203931320548971	0.0008	1.5411326099100813	1.0828321296362582	0.0655	1.631310643919168	0.9636361014923955	0.1076	1.8799348245218261	1.0295627673934986	-0.01275	2.133077834537541	0.9469391678804666	0.0702	2.339121862508401	0.8359200847918691	0.1076	1.7100987381082131	0.9983888427821654	-0.01275	1.6615386613738659	0.793799233458762	0.0702	1.578373857406461	0.8200576705165523	0.1076
518	20.757132616487457	0.7716226369660817	0.7583233813194239	0.0301	0.8217261364914155	0.7679906493034792	0.0301	0.7795757558989722	0.3740898507040378	0.129	1.129737499145707	0.3310921445389734	0.023	1.279000882076649	0.20332526704267612	0.2179	1.3093365899836698	0.2462577330622931	0.1804	1.2018334420194283	0.3591101852641808	-0.0119	0.7056892746765423	0.7600763639183472	0.0301	0.5415661483359807	0.40716783024211484	0.129	0.7219929998539505	0.08601483264198713	0.023	0.6188230402129651	0.007629502173649992	0.2179	0.6348330035091374	-0.001103432384568062	0.1804	0.7690346318558884	0.04250511052973762	-0.0119	0.35912486842026387	1.043499669098559	0.0008	0.13048933227942508	1.099406517220767	0.0655	0.24052799376783465	1.006205561682095	0.1076	0.467353113504831	1.0480044908974588	-0.01275	0.6207458827549704	0.9757847774843669	0.0702	0.5478238626087472	0.6531473696401251	0.1076	0.3529253818442935	1.0207944042454105	-0.01275	0.5328904841041614	0.8691111922350564	0.0702	0.5073502559691236	0.6265136144749791	0.1076

